21.115
0.572
10.001
26.927
13.996
10.966
0.632
2.003
0.887
4.978
10.647
11.370
13.659
3.099
3.225
9.089
3.764
2.998
14.270
27.902
2.188
14.448
16.682
8.792
24.832
7.778
31.733
2.853
11.808
18.395
1.745
16.579
0.884
0.413
5.186
8.979
0.095
4.384
0.375
17.021
2.543
8.076
6.289
3.051
28.530
6.474
2.931
0.404
8.554
5.733
12.465
3.803
22.462
1.446
15.096
3.773
6.977
4.917
3.835
18.390
1.471
2.946
34.431
23.396
6.528
2.244
14.698
12.209
2.336
9.969
2.817
8.437
1.616
14.567
1.835
8.717
1.705
3.713
3.051
5.589
0.106
8.395
12.148
6.987
0.042
6.546
7.053
19.809
3.222
1.843
4.053
27.015
8.423
11.418
0.080
4.949
28.048
3.748
2.761
6.830
15.083
1.701
0.876
10.010
16.620
0.189
2.316
5.932
1.887
50.778
0.095
6.871
1.099
2.897
6.036
10.648
11.612
1.954
1.042
29.921
17.200
26.085
8.001
3.155
0.343
24.106
0.226
11.452
57.353
3.338
11.959
3.566
15.566
0.018
16.555
12.498
4.044
9.296
5.336
21.315
8.702
4.430
3.745
2.191
17.892
0.565
18.443
6.352
6.640
8.320
19.858
3.164
2.867
11.084
22.158
0.716
25.363
11.222
1.307
0.895
1.187
1.647
9.199
5.360
8.759
0.024
13.837
3.358
2.952
10.817
2.347
7.352
0.028
4.868
3.766
5.582
16.911
6.553
2.365
1.640
8.492
3.071
0.281
5.990
8.960
10.817
19.703
3.614
7.584
3.259
3.432
13.322
6.147
25.785
0.030
2.369
22.154
32.839
29.182
16.584
3.920
25.579
3.945
6.721
0.418
7.366
8.077
6.700
2.640
20.003
1.707
18.186
0.616
6.439
13.882
3.573
4.462
1.363
44.983
3.207
17.731
15.903
3.619
5.382
2.098
29.937
2.173
7.525
2.680
11.856
27.800
4.672
13.930
4.198
20.187
16.093
10.010
0.133
1.367
5.818
8.057
0.922
13.985
17.968
5.741
23.913
1.843
0.183
3.372
7.427
16.770
3.858
1.052
5.246
0.972
1.059
0.249
1.719
8.384
49.011
2.889
7.096
3.506
19.891
2.034
1.991
26.306
27.257
8.038
7.441
9.979
5.575
6.811
0.948
24.445
2.740
2.839
10.591
8.585
12.643
7.223
1.255
11.782
6.415
7.705
1.270
9.185
21.244
61.286
1.821
2.768
10.810
30.493
10.266
1.494
1.924
12.938
7.606
16.007
9.459
3.602
4.112
10.074
39.482
0.272
0.408
6.524
0.491
20.929
0.801
2.524
23.899
15.432
0.530
15.369
1.764
21.521
6.152
2.412
7.919
6.527
6.567
13.649
1.133
6.782
6.757
8.076
4.572
15.040
7.735
4.967
51.563
4.534
4.983
19.424
27.914
8.407
8.984
20.966
1.997
11.949
6.749
2.877
5.302
3.403
13.036
8.185
3.664
26.431
12.505
3.066
2.607
1.605
18.774
1.586
4.324
0.797
38.207
6.987
5.234
0.967
14.034
6.718
18.952
15.601
7.027
25.972
1.612
0.510
13.406
29.750
7.887
0.923
0.773
50.843
1.227
8.831
3.793
4.369
15.061
44.842
1.030
2.368
5.624
38.329
5.556
2.986
0.223
0.448
9.542
14.526
3.552
1.264
0.679
2.938
5.185
3.176
0.043
4.258
0.458
1.214
3.177
5.508
3.044
0.946
22.000
23.678
2.244
2.253
3.088
4.751
0.051
2.877
12.639
4.260
6.781
23.403
5.750
3.649
4.035
20.998
20.068
11.444
1.008
18.009
13.896
3.705
1.874
6.173
5.086
3.140
1.241
18.445
2.156
1.262
18.733
0.582
18.425
3.420
28.043
13.326
1.362
25.912
13.979
8.408
8.843
0.736
3.074
2.764
11.342
2.940
7.757
9.711
0.155
11.233
16.400
1.177
5.017
8.545
25.527
10.047
14.540
0.730
3.984
13.458
2.423
27.594
11.984
7.457
3.892
17.139
28.661
13.611
0.057
20.182
10.476
4.322
1.579
4.384
0.558
3.106
2.516
8.773
8.839
5.383
9.523
3.542
1.415
1.207
7.132
3.081
2.249
2.675
12.683
0.697
4.491
0.527
3.948
43.242
2.036
4.708
0.032
3.668
0.594
6.055
5.075
17.661
7.704
2.134
0.668
3.526
2.193
2.109
9.872
6.337
11.697
10.710
2.068
12.172
27.700
3.848
26.052
7.981
1.376
15.770
7.948
1.167
0.828
5.247
0.677
9.591
16.727
9.167
13.662
0.962
13.647
11.507
22.960
14.628
28.294
12.196
3.666
8.250
11.672
2.848
15.595
4.659
4.098
3.640
12.099
49.923
6.852
3.795
24.310
14.808
11.980
2.308
26.610
1.769
1.275
0.130
8.157
21.206
5.674
14.860
0.452
11.357
2.496
9.357
7.385
1.804
15.957
2.034
1.073
0.591
48.162
22.071
9.626
14.128
24.436
10.978
11.740
17.476
9.086
17.067
4.485
3.915
15.835
30.992
5.290
0.209
2.910
8.180
19.844
35.620
4.728
5.336
0.462
0.142
10.329
9.489
2.298
5.654
26.476
0.465
2.256
7.164
1.911
23.960
22.607
17.546
10.711
1.431
12.712
3.978
1.693
4.431
44.069
7.078
34.146
1.461
5.190
9.908
8.678
29.486
42.123
4.116
16.267
2.586
2.836
3.420
8.002
41.781
16.575
5.491
5.294
1.451
17.128
6.367
6.253
9.348
13.549
30.314
5.839
10.162
48.785
4.865
1.972
26.925
4.293
5.659
34.574
2.634
16.011
15.587
24.960
11.730
21.628
4.147
19.210
4.138
11.228
7.271
2.558
1.746
34.447
4.811
0.968
4.146
4.802
17.673
2.522
5.431
6.237
9.434
6.412
39.347
4.017
48.477
1.385
3.361
13.684
6.762
3.027
6.861
1.108
12.115
13.046
1.331
25.483
2.530
9.331
26.326
5.994
4.222
15.354
8.263
12.778
1.572
8.160
6.965
9.451
7.636
10.428
6.516
12.911
17.756
28.951
15.469
15.020
4.072
31.537
9.968
10.675
28.100
36.629
39.038
2.707
5.033
0.300
12.713
4.307
11.262
3.434
2.524
8.094
3.338
3.940
0.402
8.498
29.684
20.047
7.748
2.277
2.409
9.761
0.587
6.054
2.554
0.098
7.340
23.536
8.947
6.046
5.584
2.309
12.019
14.563
2.600
10.274
7.432
24.412
0.967
0.432
1.377
4.412
6.095
31.618
0.563
5.612
7.274
19.601
6.549
1.903
15.682
1.282
11.607
2.646
45.960
8.517
1.279
10.877
5.697
6.663
2.289
40.360
5.067
17.189
9.164
1.781
21.994
1.218
11.873
16.443
6.710
17.985
16.665
5.589
5.797
0.072
6.269
21.329
1.516
10.105
2.182
8.365
14.305
10.195
9.022
39.642
18.322
1.549
2.240
3.333
0.377
30.236
9.214
15.259
5.034
7.508
5.087
23.304
7.043
5.944
22.782
4.878
28.419
5.915
13.598
5.201
5.195
15.430
1.784
6.916
14.666
15.965
5.272
3.591
19.601
29.418
1.640
1.238
10.914
2.048
7.237
0.572
5.731
7.160
28.006
12.340
4.786
4.629
19.547
7.093
5.259
20.053
11.752
1.605
1.576
10.035
3.564
4.418
4.724
2.829
1.898
2.843
8.680
7.231
9.951
0.901
2.238
8.517
0.459
1.819
4.858
2.371
6.142
10.574
0.461
15.042
19.924
28.307
0.675
17.836
4.096
2.862
5.276
5.669
28.538
0.582
15.019
1.393
14.307
1.823
10.106
20.777
2.085
36.030
13.423
9.223
2.035
4.288
12.912
1.754
17.266
0.862
0.564
6.719
7.796
1.403
7.402
13.690
7.018
0.844
0.036
3.177
19.835
7.120
2.083
26.292
3.899
4.948
6.437
0.311
5.000
13.659
27.783
8.670
11.470
6.123
5.619
6.031
2.273
0.037
6.301
1.028
7.613
7.203
4.483
23.335
9.461
28.916
3.633
10.581
0.869
11.268
11.807
4.860
0.305
4.408
6.187
11.888
1.480
9.270
2.694
20.378
25.926
3.187
14.159
13.472
3.746
15.891
0.961
8.971
50.443
4.445
26.877
13.883
2.642
13.613
3.946
2.508
20.763
0.657
1.320
20.700
6.860
1.580
1.653
2.728
5.655
21.782
3.533
3.140
1.429
15.404
8.517
14.189
15.080
2.556
31.698
3.765
19.181
5.393
12.337
10.485
2.230
0.280
2.025
0.420
11.678
5.578
6.483
20.112
3.950
1.696
5.868
7.829
2.340
20.201